Nom_echantillons	Id	Couple	Type	Zone	Cross	pH_eau	pH_KCl	Pi	Azote_total	Calcaire_total	Carbone_total	Carbone_organique_total	C/N	Matiere_organique	Calcium	Magnesium	Manganese	Potassium	Argiles	Limons	Sables
MTB1	1	1	Plante	Brule	Plante_Brule	7.72	7.05	40.8877701	1.360219121	3	15.44882655	15.1	11.1	26.1	15.03	0.7013	0.0561	0.5695	168	184	648
MTHB1	2	1	Plante	Hors brule	Plante_Hors brule	7.95	7.17	35.4072694	1.279534101	6	14.96134639	14.2	11.1	24.6	15.73	0.665	0.0529	0.6448	165	176	659
MTB2	3	1	Plante	Brule	Plante_Brule	8.33	7.82	10.1069375	1.327215731	279	46.77111149	13.3	10	23	35.23	0.5249	0.0248	0.2964	117	226	657
MTHB2	4	1	Plante	Hors brule	Plante_Hors brule	8.26	7.8	12.1121344	1.574010849	281	48.7513113	15	9.53	26	35.22	0.544	0.023	0.3444	119	234	647
MTB3	5	1	Plante	Brule	Plante_Brule	8.24	7.68	16.3042671	1.594199836	117	31.08954668	17	10.7	29.4	34.73	0.7308	0.0338	0.5266	145	168	687
MTHB3	6	1	Plante	Hors brule	Plante_Hors brule	8.14	7.61	21.7357888	1.794973761	114	33.22153091	19.5	10.9	33.7	34.12	0.7405	0.0326	0.61	148	168	684
MTB4	7	1	Plante	Brule	Plante_Brule	8.23	7.68	7.48291167	1.34521246	55	20.74397087	14.1	10.5	24.4	30.59	0.7728	0.0245	0.256	130	116	754
MTHB4	8	1	Plante	Hors brule	Plante_Hors brule	8.18	7.63	11.7947191	1.63007021	59	24.48609591	17.4	10.7	30.1	30.57	0.8208	0.023	0.2647	132	128	740
SSB1	9	1	Spontane	Brule	Spontane_Brule	8.27	7.6	4.88581569	1.43244341	241	48.32493782	19.4	13.5	33.6	36.65	0.3472	0.0208	0.1513	104	117	779
SSHB1	10	1	Spontane	Hors brule	Spontane_Hors brule	8.15	7.67	4.82951662	1.622951478	260	52.35712051	21.2	13.1	36.7	36.57	0.3621	0.0237	0.148	104	114	782
SSB2	11	1	Spontane	Brule	Spontane_Brule	8.18	7.66	11.9638316	1.191242337	99	23.79074812	11.9	9.99	20.6	33.77	0.476	0.0218	0.2849	128	112	760
SSHB2	12	1	Spontane	Hors brule	Spontane_Hors brule	8.23	7.63	14.2759111	1.188838929	80	21.65220261	12.1	10.2	20.9	33.02	0.4676	0.0272	0.2472	140	120	740
SSB3	13	1	Spontane	Brule	Spontane_Brule	8.26	7.69	9.67991542	1.07091032	107	24.25646305	11.4	10.6	19.7	33.77	0.4198	0.0199	0.2283	117	107	776
SSHB3	14	1	Spontane	Hors brule	Spontane_Hors brule	8.24	7.62	21.9792275	1.06323652	83	21.80911303	11.8	11.1	20.4	32.88	0.4418	0.024	0.2134	127	112	761
SSB4	15	1	Spontane	Brule	Spontane_Brule	8.05	7.67	9.04102345	2.064835727	262	59.51002121	28.1	13.6	48.6	37.07	0.3758	0.0251	0.1788	101	134	765
SSHB4	16	1	Spontane	Hors brule	Spontane_Hors brule	7.99	7.57	10.0683123	2.574054599	246	69.52382088	40	15.5	69.2	38.91	0.4888	0.0251	0.1568	103	122	775
GCB1	17	2	Spontane	Brule	Spontane_Brule	7.95	7.44	14.7884717	6.001343727	539	126.6211987	61.9	10.3	107	50.69	1.519	0.0211	0.3606	327	330	343
GCHB1	18	2	Spontane	Hors brule	Spontane_Hors brule	7.92	7.4	17.8808829	7.443079352	532	146.8571854	83	11.2	144	54.79	1.795	0.0329	0.3948	302	349	349
GCB2	19	2	Spontane	Brule	Spontane_Brule	NA	NA	NA	7.412465215	648	157.7754688	80	10.8	138	52.15	1.303	0.0242	0.3137	276	299	425
GCHB2	20	2	Spontane	Hors brule	Spontane_Hors brule	7.97	7.58	12.6187696	5.157340169	672	136.3933372	55.8	10.8	96.5	46.06	1.464	0.0314	0.3195	306	301	393
GCB3	21	2	Spontane	Brule	Spontane_Brule	8.01	7.61	9.71595614	6.128459573	647	141.3159847	63.7	10.4	110	48.38	1.105	0.0214	0.296	235	325	440
GCHB3	22	2	Spontane	Hors brule	Spontane_Hors brule	7.88	7.52	12.1048667	7.084406614	650	150.0535297	72.1	10.2	125	51	1.243	0.0292	0.3365	229	281	490
GCB4	23	2	Spontane	Brule	Spontane_Brule	7.88	7.43	23.1884134	8.657122254	651	178.206234	100	11.6	173	51.58	1.816	0.0328	0.381	237	234	529
GCHB4	24	2	Spontane	Hors brule	Spontane_Hors brule	7.77	7.34	27.2456744	10.19267797	441	158.4515953	106	10.4	183	60.59	2.011	0.034	0.6501	342	301	357
HVB1	25	2	Plante	Brule	Plante_Brule	8.3	7.23	2.33830913	2.781767845	75	39.54331875	30.5	11	52.8	61.09	1.561	0.0151	0.8082	442	459	99
HVHB1	26	2	Plante	Hors brule	Plante_Hors brule	8	7.15	5.36564962	4.844842851	91	63.78861904	52.9	10.9	91.5	60.37	1.76	0.0377	0.8464	457	427	116
HVB2	27	2	Plante	Brule	Plante_Brule	8.16	7.18	2.39303726	2.935166955	62	38.26848745	30.8	10.5	53.3	59.97	1.968	0.02	0.8562	424	496	80
HVHB2	28	2	Plante	Hors brule	Plante_Hors brule	8.18	7.23	2.56933332	2.978005409	95	43.92025471	32.5	10.9	56.2	60.4	1.984	0.0225	0.819	461	438	101
HVB3	29	2	Plante	Brule	Plante_Brule	8.21	7.36	5.78921717	3.780169785	379	79.41	33.9	8.97	58.6	56.37	1.599	0.0173	0.6219	306	499	195
HVHB3	30	2	Plante	Hors brule	Plante_Hors brule	8.11	7.34	3.95947162	3.688625395	342	79.61156368	38.6	10.5	66.8	55.91	1.591	0.0207	0.5788	344	467	189
HVB4	31	2	Plante	Brule	Plante_Brule	8.12	7.37	7.21444073	3.891299069	347	79.80596542	38.2	9.82	66.1	57.24	1.674	0.015	0.5568	262	529	209
HVHB4	32	2	Plante	Hors brule	Plante_Hors brule	8.14	7.36	4.6980827	3.982941508	363	85.56612968	42	10.5	72.7	56.84	1.698	0.0244	0.5264	305	505	190
LGB1	33	3	Plante	Brule	Plante_Brule	8.37	7.6	10.0874003	1.859302223	531	85.73202133	22	12	38.1	41.74	2.285	0.0308	0.6506	275	400	325
LGHB1	34	3	Plante	Hors brule	Plante_Hors brule	8.24	7.58	12.6253305	1.887323856	513	83.48472595	21.9	12	37.9	42.08	2.419	0.0371	0.6384	287	410	303
LGB2	35	3	Plante	Brule	Plante_Brule	8.31	7.54	3.39195479	1.559379399	471	73.78094196	17.3	11	29.9	43.38	2.271	0.0197	0.7419	300	438	262
LGHB2	36	3	Plante	Hors brule	Plante_Hors brule	8.44	7.51	4.38669396	1.710112095	471	77.0002985	20.5	12	35.5	43.61	2.339	0.0405	0.6955	299	432	269
LGB3	37	3	Plante	Brule	Plante_Brule	8.39	7.65	2.71396966	1.425805092	571	83.303442	14.8	10	25.6	41.54	1.814	0.0225	0.5397	236	507	257
LGHB3	38	3	Plante	Hors brule	Plante_Hors brule	8.43	7.62	2.72366468	1.555511206	575	86.47118568	17.5	11	30.3	41.75	1.781	0.0392	0.5677	250	502	248
LGB4	39	3	Plante	Brule	Plante_Brule	8.22	7.44	3.5562008	2.109510601	314	61.49468422	23.8	11	41.2	48.43	3.71	0.0274	0.9219	410	367	223
LGHB4	40	3	Plante	Hors brule	Plante_Hors brule	8.34	7.51	3.38981779	2.089466155	341	66.5580225	25.6	12	44.3	46.48	3.65	0.0381	0.761	390	360	250
SLGB1	41	3	Spontane	Brule	Spontane_Brule	8.01	7.51	20.3127935	3.803552091	630	116.7701435	41.2	11	71.3	45.01	1.869	0.0301	0.463	308	506	186
SLGHB1	42	3	Spontane	Hors brule	Spontane_Hors brule	8.18	7.55	6.29812897	2.540611327	687	111.757822	29.3	12	50.7	42.04	1.846	0.0354	0.458	290	532	178
SLGB2	43	3	Spontane	Brule	Spontane_Brule	8.17	7.72	5.03440573	3.017129898	407	82.63678551	33.8	11	58.5	35.91	1.925	0.0216	0.2472	196	281	523
SLGHB2	44	3	Spontane	Hors brule	Spontane_Hors brule	8.11	7.73	4.81532761	3.089981377	381	81.55083656	35.8	12	61.9	36.27	2.34	0.024	0.2463	204	296	500
SMB1	45	4	Plante	Brule	Plante_Brule	8.15	7.51	40.098344	2.438572645	460	81.9552803	26.8	11	46.4	44.68	1.392	0.0276	0.9496	341	412	247
SMHB1	46	4	Plante	Hors brule	Plante_Hors brule	8.03	7.42	35.2641177	2.517622411	458	82.33257294	27.4	11	47.4	45.89	0.9825	0.0422	0.892	362	399	239
SMB2	47	4	Plante	Brule	Plante_Brule	8.26	7.55	31.6464282	2.44436726	399	74.28853512	26.4	11	45.7	44.61	1.433	0.0235	1.183	369	418	213
SMHB2	48	4	Plante	Hors brule	Plante_Hors brule	8.21	7.43	27.3014705	2.449678034	413	73.94832134	24.4	10	42.2	45.66	0.9257	0.0281	0.9697	389	415	196
SMB3	49	4	Plante	Brule	Plante_Brule	8.21	7.44	31.4070121	2.361769676	377	69.29266453	24.1	10	41.7	45.78	1.26	0.022	1.063	361	430	209
SMHB3	50	4	Plante	Hors brule	Plante_Hors brule	8.11	7.38	35.5088442	2.821541727	373	74.96281147	30.2	11	52.2	45.87	1.236	0.0357	1.318	387	414	199
SMB4	51	4	Plante	Brule	Plante_Brule	8.19	7.48	7.21191505	2.501782179	426	77.70204067	26.6	11	46	43.74	1.661	0.0263	0.5752	320	475	205
SMHB4	52	4	Plante	Hors brule	Plante_Hors brule	8.16	7.53	7.77026588	2.895109057	431	83.5364151	31.8	11	55	44.79	0.8906	0.0335	0.5666	327	465	208
FTB1	53	4	Spontane	Brule	Spontane_Brule	8.01	7.46	14.137479	3.906861246	455	102.452383	47.9	12	82.9	44.93	0.7152	0.0378	0.4793	315	323	362
FTBHB1	54	4	Spontane	Hors brule	Spontane_Hors brule	7.84	7.48	15.0098907	4.82352823	435	117.5052834	65.3	14	113	47.3	0.8931	0.0451	0.6209	331	277	392
FTB2	55	4	Spontane	Brule	Spontane_Brule	8.39	7.79	4.87502898	2.201973945	555	90.38960457	23.8	11	41.2	40.61	0.3755	0.0128	0.3417	279	379	342
FTHB2	56	4	Spontane	Hors brule	Spontane_Hors brule	8.14	7.68	7.38791959	3.256567121	549	106.495657	40.6	13	70.2	43.44	0.5246	0.0279	0.3641	260	346	394
FTB3	57	4	Spontane	Brule	Spontane_Brule	8.32	7.68	3.75975716	2.651184201	473	84.47546005	27.7	10	47.9	43.27	0.4346	0.0159	0.4022	305	394	301
FTHB3	58	4	Spontane	Hors brule	Spontane_Hors brule	8.15	7.55	5.09879053	2.957089245	461	98.98514748	43.7	15	75.6	46.27	0.6881	0.0361	0.4843	315	394	291
NMRB1	59	5	Plante	Brule	Plante_Brule	8.26	7.51	5.52403544	3.449191749	400	84.72916603	36.7	11	63.5	46.66	0.8209	0.0208	0.5341	246	490	264
NMRHB1	60	5	Plante	Hors brule	Plante_Hors brule	8.2	7.55	6.44214986	3.566481471	447	94.2672348	40.6	11	70.2	46.58	0.7178	0.0407	0.5088	253	431	316
NMRB2	61	5	Plante	Brule	Plante_Brule	8.2	7.5	5.59799532	3.276830018	416	88.11393738	38.2	12	66.1	48.84	0.8361	0.0381	0.5377	256	478	266
NMRHB2	62	5	Plante	Hors brule	Plante_Hors brule	8.19	7.51	6.71570738	3.650682569	414	92.96767235	43.3	12	74.9	48.78	0.9806	0.0444	0.5352	273	441	286
NMRB3	63	5	Plante	Brule	Plante_Brule	8.29	7.68	4.70372717	2.78344363	510	90.94497681	29.7	11	51.4	43.58	0.6902	0.0159	0.5146	222	444	334
NMRHB3	64	5	Plante	Hors brule	Plante_Hors brule	8.12	7.54	7.23784426	3.789343238	439	99.10282135	46.4	12	80.3	47.06	0.8316	0.0432	0.5673	266	458	276
NMRB4	65	5	Plante	Brule	Plante_Brule	8.25	7.53	4.913734	3.004422784	488	94.5737648	36	12	62.3	46.13	0.7479	0.0283	0.4803	218	444	338
NMRHB4	66	5	Plante	Hors brule	Plante_Hors brule	8.07	7.46	7.30428127	3.689669073	457	100.2358627	45.4	12	78.5	47.23	0.9238	0.0508	0.5915	248	429	323
SAB1	67	5	Spontane	Brule	Spontane_Brule	8.23	7.34	8.78131528	4.243294299	293	78.40808392	43.2	10.2	74.7	51.5	0.5488	0.0157	0.544	233	522	245
SAHB1	68	5	Spontane	Hors brule	Spontane_Hors brule	7.93	7.3	7.9910631	5.007408261	301	90.26945114	54.1	10.8	93.6	51.81	0.9197	0.0442	0.648	256	493	251
SAB2	69	5	Spontane	Brule	Spontane_Brule	8.37	7.42	4.10454958	1.952836066	192	46.37942314	23.3	11.9	40.3	47.61	0.4172	0.0113	0.354	236	536	228
SAHB2	70	5	Spontane	Hors brule	Spontane_Hors brule	8.19	7.41	4.73143705	2.705671489	216	61.2718153	35.4	13.1	61.2	48.38	0.6159	0.0521	0.4205	233	521	246
SAB3	71	5	Spontane	Brule	Spontane_Brule	8.35	7.24	4.63688992	1.937542558	145	41.73696518	24.3	12.5	42	48.6	0.401	0.0077	0.4059	251	554	195
SAHB3	72	5	Spontane	Hors brule	Spontane_Hors brule	8.31	7.4	3.45647036	2.27107957	173	49.78174686	29	12.8	50.2	48.58	0.538	0.0439	0.4607	219	532	249
SAB4	73	5	Spontane	Brule	Spontane_Brule	8.33	7.3	2.66952312	1.903646737	93	35.61573982	24.5	12.9	42.4	48.69	0.5001	0.0123	0.4502	302	564	134
SAHB4	74	5	Spontane	Hors brule	Spontane_Hors brule	7.95	7.25	5.04641292	2.830083668	103	51.81238174	39.5	14	68.3	49.55	0.7662	0.1061	0.5211	361	512	127
DPSB1	75	6	Spontane	Brule	Spontane_Brule	8.4	7.57	2.9367196	4.008832574	423	109.2395401	58.5	14.6	101	44.29	1.784	0.0102	0.1794	165	314	521
DPSHB1	76	6	Spontane	Hors brule	Spontane_Hors brule	8.16	7.26	6.21741919	4.830490947	460	110.5942726	55.4	11.5	95.8	46.58	2.104	0.0158	0.2967	207	342	451
DPSB2	77	6	Spontane	Brule	Spontane_Brule	8.23	7.76	5.48635692	2.867017984	454	112.4405766	58	20.2	100	34.46	2.676	0.0428	0.3329	152	251	597
DPSHB2	78	6	Spontane	Hors brule	Spontane_Hors brule	8.24	7.69	5.34664053	2.724412084	471	109.9641705	53.4	19.6	92.4	33.91	2.584	0.0424	0.3303	145	261	594
DPSB3	79	6	Spontane	Brule	Spontane_Brule	8.25	7.64	9.38362267	2.839405239	458	88.61019135	33.7	11.9	58.3	43.39	1.25	0.0194	0.5706	269	291	440
DPSHB3	80	6	Spontane	Hors brule	Spontane_Hors brule	8.24	7.61	8.76461435	3.21631968	452	92.17565536	37.9	11.8	65.6	42.68	1.576	0.0284	0.6697	266	297	437
DPSB4	81	6	Spontane	Brule	Spontane_Brule	8.37	7.79	3.42867354	2.363815159	654	101.285429	22.8	9.65	39.4	40.73	0.3411	0.01	0.1911	204	206	590
DPSHB4	82	6	Spontane	Hors brule	Spontane_Hors brule	8.25	7.66	3.9027759	2.995376289	534	101.9166851	37.8	12.6	65.4	43.25	0.479	0.0197	0.2206	252	169	579
DPB1	83	6	Plante	Brule	Plante_Brule	8.38	7.75	2.85391928	2.248959541	703	112.5716877	28.2	12.5	48.8	37.83	0.8405	0.0068	0.1471	145	180	675
DPHB1	84	6	Plante	Hors brule	Plante_Hors brule	8.27	7.75	4.64641335	3.100241125	667	121.0947418	41.1	13.3	71.1	38.83	1.079	0.0138	0.2354	165	182	653
DPB2	85	6	Plante	Brule	Plante_Brule	8.39	7.79	3.78792935	2.189145833	696	116.35396	32.8	15	56.7	37.97	1.176	0.0119	0.1531	147	175	678
DPHB2	86	6	Plante	Hors brule	Plante_Hors brule	8.31	7.87	3.98478169	2.82096386	718	122.6533508	36.5	12.9	63.1	38.53	0.9649	0.0158	0.18	166	153	681
DPB3	87	6	Plante	Brule	Plante_Brule	8.32	7.76	4.0825431	1.583663225	155	36.13439322	17.5	11.1	30.3	29.49	0.9228	0.0203	0.1264	98	269	633
DPHB3	88	6	Plante	Hors brule	Plante_Hors brule	8.14	7.7	12.063984	1.986240894	144	40.42836189	23.1	11.6	40	29.54	1.121	0.0293	0.2205	101	291	608
DPB4	89	6	Plante	Brule	Plante_Brule	8.37	7.68	6.91828239	2.237337232	234	52.30317116	24.2	10.8	41.9	39.06	1.135	0.0137	0.4203	276	266	458
DPHB4	90	6	Plante	Hors brule	Plante_Hors brule	8.23	7.58	6.81640855	2.700839341	224	56.24860287	29.4	10.9	50.9	39.35	1.142	0.0156	0.5285	282	270	448
JMB1	91	7	Plante	Brule	Plante_Brule	8.2	7.4	5.74476064	2.482719868	111	47.16660023	33.8	13.6	58.5	13.94	3.882	0.0184	0.3407	124	340	536
JMHB1	92	7	Plante	Hors brule	Plante_Hors brule	7.94	7.32	12.2693083	3.664813638	106	60.29360294	47.6	13	82.3	14.62	4.478	0.0398	0.5214	147	293	560
JMB2	93	7	Plante	Brule	Plante_Brule	8.11	7.42	4.98201336	2.396390289	107	46.59786224	33.8	14.1	58.5	13.1	3.975	0.0141	0.3088	110	366	524
JMHB2	94	7	Plante	Hors brule	Plante_Hors brule	7.98	7.23	11.9949927	2.941125929	146	54.9032402	37.4	12.7	64.7	14.09	4.385	0.0306	0.5084	109	328	563
JMSB1	95	7	Spontane	Brule	Spontane_Brule	7.81	7.34	9.02705178	4.266685247	139	74.76482391	58.1	13.6	101	22	6.344	0.0465	0.3315	95	375	530
JMSHB1	96	7	Spontane	Hors brule	Spontane_Hors brule	7.82	7.14	8.92686516	2.839253545	40	44.56891537	39.8	14	68.9	15.26	4.798	0.0623	0.3648	139	223	638
JMSB2	97	7	Spontane	Brule	Spontane_Brule	7.34	6.77	3.2563516	1.911489218	5	24.24018383	23.6	12.3	40.8	10.84	3.578	0.0549	0.1822	110	214	676
JMSHB2	98	7	Spontane	Hors brule	Spontane_Hors brule	6.78	6.07	4.82295965	3.00801605	<1	40.01880169	40	13.3	69.2	11.02	3.659	0.0635	0.3448	114	200	686
SDB1	99	8	Spontane	Brule	Spontane_Brule	8.24	7.84	2.67095334	1.285509318	692.3333333	119.3772602	36.3	28.2	62.8	11.9	3.17	0.0182	0.1023	70	122	808
SDHB1	100	8	Spontane	Hors brule	Spontane_Hors brule	8.1	7.76	4.14047416	1.121537313	687	121.6694164	39.2	35	67.8	7.809	3.801	0.0184	0.1023	66	117	817
SDB2	101	8	Spontane	Brule	Spontane_Brule	8.22	7.87	2.94844961	1.340386719	619	121.9201183	47.6	35.5	82.3	9.313	4.1	0.0192	0.1135	58	111	831
SDHB2	102	8	Spontane	Hors brule	Spontane_Hors brule	7.8	7.45	7.10365477	3.312360346	533	140.1403046	76.2	23	132	16.01	6.983	0.0491	0.246	90	126	784
SDB3	103	8	Spontane	Brule	Spontane_Brule	8.18	7.6	2.06426972	1.576899588	604	111.6751671	39.2	24.9	67.8	9.727	4.18	0.0131	0.1385	104	125	771
SDHB3	104	8	Spontane	Hors brule	Spontane_Hors brule	8.23	7.64	3.72738227	1.638019234	626	112.2567654	37.1	22.6	64.2	9.861	4.522	0.0189	0.1512	96	154	750
SDB4	105	8	Spontane	Brule	Spontane_Brule	8.33	7.73	2.32809556	1.36095956	704.3333333	120.9607124	36.4	26.7	63	8.857	3.953	0.015	0.099	70	107	823
SDHB4	106	8	Spontane	Hors brule	Spontane_Hors brule	8.26	7.67	2.37118065	1.204907	734.6666667	120.4240322	32.3	26.8	55.9	8.668	3.949	0.0192	0.0864	72	103	825
SDPB1	107	8	Plante	Brule	Plante_Brule	8.11	7.47	14.2146621	1.78984493	312	69.04713154	31.6	17.7	54.7	13.37	4.365	0.0057	0.501	172	337	491
SDPHB1	108	8	Plante	Hors brule	Plante_Hors brule	8.06	7.39	15.0572313	2.165436447	358	75.2893734	32.3	14.9	55.9	14.38	4.506	0.009	0.6222	157	323	520
SDPB2	109	8	Plante	Brule	Plante_Brule	8.23	7.54	5.61708106	1.62052542	330	74.21677589	34.6	21.4	59.9	15.02	3.982	0.0075	0.393	151	308	541
SDPHB2	110	8	Plante	Hors brule	Plante_Hors brule	8.19	7.55	8.183212	2.249944061	321	77.46093273	38.9	17.3	67.3	15.64	4.344	0.0093	0.3928	138	330	532
SDPB3	111	8	Plante	Brule	Plante_Brule	8.2	7.6	8.38880345	1.450866163	397	82.53778458	34.9	24.1	60.4	12.57	3.864	0.0068	0.2456	145	291	564
SDPHB3	112	8	Plante	Hors brule	Plante_Hors brule	8	7.47	10.3611387	2.35687241	387	92.91304588	46.5	19.7	80.4	14.91	4.049	0.0173	0.3576	104	310	586
SDPB4	113	8	Plante	Brule	Plante_Brule	8.44	7.8	2.07071461	0.783287957	612	119.4394112	46	58.7	79.6	7.177	2.382	0.0188	0.0706	56	153	791
SDPHB4	114	8	Plante	Hors brule	Plante_Hors brule	8.55	7.87	4.18203556	0.871181116	633	120.5334473	44.6	51.2	77.2	7.095	2.504	0.0182	0.0654	56	150	794
JYVB1	115	9	Spontane	Brule	Spontane_Brule	8.55	7.83	2.34348448	1.296363473	171	36.65215492	16.1	12.4	27.9	32.21	0.4483	0.0177	0.136	81	143	776
JYVHB1	116	9	Spontane	Hors brule	Spontane_Hors brule	8.36	7.84	2.19554231	1.651418358	161	38.28734636	19	11.5	32.9	33.3	0.5635	0.019	0.1501	84	131	785
JYVB2	117	9	Spontane	Brule	Spontane_Brule	8.45	7.98	2.01129241	1.188804731	151	33.99041653	15.9	13.4	27.5	31.64	0.3733	0.0211	0.1181	67	113	820
JYVHB2	118	9	Spontane	Hors brule	Spontane_Hors brule	8.66	8.02	2.3093601	0.929826424	126	26.51760578	11.4	12.3	19.7	29.58	0.2545	0.0197	0.0866	51	100	849
JYVB3	119	9	Spontane	Brule	Spontane_Brule	8.53	7.88	2.4637832	1.009027734	154	30.09557724	11.6	11.5	20.1	31.92	0.4385	0.0253	0.1311	72	126	802
JYVHB3	120	9	Spontane	Hors brule	Spontane_Hors brule	8.47	7.84	4.16765284	1.204092279	143	33.10361385	15.9	13.2	27.5	32.16	0.5548	0.0242	0.1479	82	129	789
JYVB4	121	9	Spontane	Brule	Spontane_Brule	8.49	7.93	2.76341049	1.060811505	89	24.85006809	14.2	13.4	24.6	29.79	0.4726	0.0227	0.1185	73	110	817
JYVHB4	122	9	Spontane	Hors brule	Spontane_Hors brule	8.48	7.89	2.40048258	1.106440201	114	26.26567841	12.6	11.4	21.8	32	0.3483	0.0245	0.1054	70	121	809
BCFB1	123	9	Plante	Brule	Plante_Brule	8.45	8	12.6751999	1.071933135	154	28.40986252	9.93	9.26	17.2	30.25	0.7432	0.042	0.2119	74	136	790
BCFHB1	124	9	Plante	Hors brule	Plante_Hors brule	8.44	7.92	21.4489791	1.300256103	135	30.06655693	13.9	10.7	24	29.58	0.5109	0.0479	0.2804	69	128	803
BCFB2	125	9	Plante	Brule	Plante_Brule	8.51	7.96	12.1686469	0.936348587	133	25.56958675	9.61	10.3	16.6	29.06	0.7388	0.0464	0.1724	66	127	807
BCFHB2	126	9	Plante	Hors brule	Plante_Hors brule	8.4	7.86	14.1471	1.243830323	123	26.46655321	11.7	9.41	20.2	29.37	0.4666	0.0433	0.193	79	145	776
BCFB3	127	9	Plante	Brule	Plante_Brule	8.61	7.99	8.25101005	1.003787667	126	25.75807095	10.6	10.6	18.3	29.1	0.6239	0.0411	0.1588	60	123	817
BCFHB3	128	9	Plante	Hors brule	Plante_Hors brule	8.54	7.9	14.8150181	1.035745665	123	25.32444954	10.6	10.2	18.3	29.65	0.4371	0.041	0.1988	63	124	813
BCFB4	129	9	Plante	Brule	Plante_Brule	8.59	7.94	7.34875612	1.071206629	87	21.54751539	11.1	10.4	19.2	27.94	0.6846	0.0393	0.1798	71	106	823
BCFHB4	130	9	Plante	Hors brule	Plante_Hors brule	8.31	7.8	18.2889919	1.335912645	87	24.46820974	14	10.5	24.2	27.72	0.5702	0.0424	0.2861	73	117	810
TCSB1	131	10	Spontane	Brule	Spontane_Brule	8.35	7.68	8.68248883	2.005456984	512	87.55028725	26.1	13	45.2	43.64	0.467	0.0142	0.2833	264	389	347
TCSHB1	132	10	Spontane	Hors brule	Spontane_Hors brule	8.37	7.62	9.77288382	1.853331774	494	82.59670258	23.3	12.6	40.3	43.74	0.3618	0.0141	0.233	249	387	364
TCSB2	133	10	Spontane	Brule	Spontane_Brule	8.42	7.5	4.59646001	1.448704153	546	82.15288162	16.6	11.5	28.7	41.64	0.2788	0.0094	0.1739	241	352	407
TCSHB2	134	10	Spontane	Hors brule	Spontane_Hors brule	8.45	7.79	3.54228078	1.365949661	571	84.83612061	16.3	11.9	28.2	40.87	0.306	0.0139	0.1763	217	360	423
TCSB3	135	10	Spontane	Brule	Spontane_Brule	8.66	7.97	2.32009284	0.445075482	521	67.22688198	4.71	10.6	8.15	37.51	0.1709	0.0072	0.1502	179	362	459
TCSHB3	136	10	Spontane	Hors brule	Spontane_Hors brule	8.48	7.75	2.69316218	1.201357096	407	64.3103075	15.5	12.9	26.8	43.04	0.3532	0.013	0.2924	276	330	394
TCSB4	137	10	Spontane	Brule	Spontane_Brule	8.08	7.55	4.89066332	2.782274485	499	96.07775688	36.2	13	62.6	46.22	0.5315	0.0249	0.2971	337	328	335
TCSHB4	138	10	Spontane	Hors brule	Spontane_Hors brule	8.17	7.55	5.51872863	3.377476931	397	93.87498856	46.2	13.7	79.9	46.15	0.7073	0.0309	0.2811	320	352	328
TCPB1	139	10	Plante	Brule	Plante_Brule	8.47	7.51	18.3847143	1.991109103	84	30.83446503	20.8	10.4	36	46.56	0.8883	0.0045	0.9853	419	304	277
TCPHB1	140	10	Plante	Hors brule	Plante_Hors brule	8.23	7.4	24.7539557	2.301249504	127	41.40010834	26.2	11.4	45.3	47	1.027	0.0228	1.156	402	277	321
TCPB2	141	10	Plante	Brule	Plante_Brule	8.29	7.39	22.5509236	1.890872866	43	25.31654358	20.2	10.7	34.9	42.41	0.9073	0.0111	1.048	417	335	248
TCPHB2	142	10	Plante	Hors brule	Plante_Hors brule	8.28	7.4	24.5301446	2.253660262	50	29.7669673	23.8	10.6	41.2	43.62	1.037	0.0099	1.306	449	302	249
TCPB3	143	10	Plante	Brule	Plante_Brule	8.33	7.38	21.0788182	2.094818354	50	28.9957881	23	11	39.8	44.68	0.9509	0.0126	1.209	474	300	226
TCPHB3	144	10	Plante	Hors brule	Plante_Hors brule	8.26	7.39	26.5123472	2.231388688	62	31.29886866	23.9	10.7	41.3	45.66	0.9359	0.0136	1.22	467	294	239
TCPB4	145	10	Plante	Brule	Plante_Brule	8.27	7.32	33.4019726	2.701154947	27	32.086339	28.8	10.7	49.8	38.24	1.01	0.014	1.348	480	314	206
TCPHB4	146	10	Plante	Hors brule	Plante_Hors brule	8.04	7.27	27.7610204	2.36554727	24	27.54273176	24.7	10.4	42.7	38.91	1.228	0.0277	1.603	476	308	216
